2713
346
4974
13588
7247
2280
575
7017
1101
2707
1528
338
7811
1891
1338
4615
91
4882
5888
408
2657
2988
566
2314
2124
203
571
5765
2539
4712
6237
4144
4399
8047
9524
951
2018
1951
9286
1178
1647
1507
6065
1533
3446
1616
514
7005
4149
3730
6246
4160
541
7784
682
2370
1278
8626
2072
5795
7513
4171
663
795
5709
5125
4127
6943
917
25942
420
4651
3704
4747
2487
1019
3388
1767
2193
425
2166
974
7870
2716
434
1931
5401
2961
4484
1955
2321
1409
2926
7927
13352
948
1270
3396
2475
6927
4284
56829
4355
2573
13572
2701
6368
19951
12453
11525
8580
1391
17215
685
8396
521
8700
6069
11663
1642
5571
10670
26299
14411
4967
275
7644
10573
11824
3075
9053
7781
11133
12453
10816
13287
5210
410
50741
2375
10659
17909
3781
927
12390
6753
4280
3676
5227
560
2919
6183
19190
16510
7896
2402
4106
16125
6397
15007
379
16687
6091
4549
9202
909
4930
25433
1619
13782
2005
13834
2715
70
12221
29015
14672
13268
1560
6728
5430
11545
7770
2012
17145
7417
4205
28
37271
2046
2994
10582
5749
1567
2870
7864
9998
12268
6240
2846
6074
5665
16447
1551
165
4152
7384
4981
11395
14080
10919
5744
10164
6567
1888
9923
19326
5648
41775
14952
430
2906
19329
2125
10708
5428
13826
1651
8212
11546
33134
9127
6714
1898
4848
4050
29258
11448
3717
20001
1827
29437
10092
1862
8743
15954
14737
2184
1858
4696
